{
 "cells": [
  {
   "cell_type": "markdown",
   "metadata": {},
   "source": [
    "# Project 1:Basic Recommender System"
   ]
  },
  {
   "cell_type": "markdown",
   "metadata": {},
   "source": [
    "## Introduction"
   ]
  },
  {
   "cell_type": "markdown",
   "metadata": {},
   "source": [
    "For this project, a basic Recommender System was attempted. The data used for this was the Movielens 100k Dataset provided by Grouplens. The data set is quite diverse(a bit on the old side), but provides 100k ratings from 1700 movies (pre-1995). "
   ]
  },
  {
   "cell_type": "markdown",
   "metadata": {},
   "source": [
    "## Code:"
   ]
  },
  {
   "cell_type": "markdown",
   "metadata": {},
   "source": [
    "### Opening and Cleaning Data"
   ]
  },
  {
   "cell_type": "code",
   "execution_count": 13,
   "metadata": {
    "collapsed": true
   },
   "outputs": [],
   "source": [
    "import pandas as pd \n",
    "import numpy as np\n",
    "import math\n",
    "import csv\n"
   ]
  },
  {
   "cell_type": "code",
   "execution_count": 14,
   "metadata": {
    "collapsed": false
   },
   "outputs": [],
   "source": [
    "#Data file containing ratings data\n",
    "f = open(\"data/u.data\")\n",
    "text = csv.reader(f, delimiter = \"\\t\")\n",
    "ratings = list(text)\n",
    "\n",
    "# My Ratings of the movie Data (I pick)\n",
    "my_ratings = [4,5,5,4,0,2,2,1,4,4,5,3,2,2,3,0,2,5,2,1]\n",
    "\n",
    "ratings_pd = pd.DataFrame(ratings, columns = [\"user_id\",\"movie_id\", \"rating\",\"timestamp\"])\n",
    "ratings_pd = ratings_pd.drop([\"timestamp\"], 1)\n",
    "\n",
    "movies = ratings_pd.pivot(index = \"movie_id\", columns = \"user_id\", values = \"rating\")\n",
    "\n",
    "i = ['55','56','64','71','94','102','118','133','141','168','173','196','1278','928','780',\n",
    "     '651','514','483','432','404']\n",
    "movies = movies.loc[i,:]\n",
    "\n",
    "l = ['13','128','201','207','222','23','234','246','267','268','269','276','493','642',\n",
    "     '655','846','95','262','194','130','1']\n",
    "movies = movies.loc[:,l]\n",
    "movies = movies.fillna(value=0)\n",
    "\n",
    "movies_np = np.array(movies)\n",
    "movies_np = movies_np.astype(float)\n",
    "movies_np = np.insert(movies_np, 0, my_ratings, axis=1)"
   ]
  },
  {
   "cell_type": "markdown",
   "metadata": {},
   "source": [
    "### Processing Data: Item - Item Collobrative Filter"
   ]
  },
  {
   "cell_type": "code",
   "execution_count": 15,
   "metadata": {
    "collapsed": true
   },
   "outputs": [],
   "source": [
    "mean_movie= []\n",
    "count_movie = []\n",
    "\n",
    "for row in movies_np:\n",
    "    \n",
    "    row_sum = np.sum(row)\n",
    "    count = np.count_nonzero(row)\n",
    "    count_movie.append(count)\n",
    "    mean_movie.append(row_sum/count)\n",
    "\n",
    "   \n",
    "count_user = []\n",
    "mean_user = []\n",
    "\n",
    "for row in movies_np.T:\n",
    "    row_sum = np.sum(row)\n",
    "    count = np.count_nonzero(row)\n",
    "    count_user.append(count)\n",
    "    mean_user.append(row_sum/count)\n",
    "\n",
    "    \n",
    "movies_np[movies_np==0] = np.nan\n",
    "\n",
    "\n",
    "mean_cent = []\n",
    "i = 0\n",
    "for row in  movies_np:\n",
    "    mean_cent.append(row - mean_movie[i]) \n",
    "    i += 1\n",
    "    \n",
    "mean_cent = np.array(mean_cent)\n",
    "\n",
    "mean_cent = np.nan_to_num(mean_cent)\n",
    "U = []\n",
    " \n",
    "for row in mean_cent:\n",
    "    y = 0\n",
    "    for val in row:\n",
    "        x = math.pow(val,2)\n",
    "        y = y + x\n",
    "    U.append(math.sqrt(y))\n",
    "\n",
    "cent_t = mean_cent.T\n",
    "\n",
    "num = np.dot(mean_cent,mean_cent.T)\n",
    "\n",
    "for i in range(20):\n",
    "    for j in range(20):\n",
    "        num[i,j] = num[i,j]/(U[i]*U[j])\n",
    "        "
   ]
  },
  {
   "cell_type": "code",
   "execution_count": 16,
   "metadata": {
    "collapsed": false
   },
   "outputs": [
    {
     "data": {
      "text/html": [
       "<div>\n",
       "<table border=\"1\" class=\"dataframe\">\n",
       "  <thead>\n",
       "    <tr style=\"text-align: right;\">\n",
       "      <th></th>\n",
       "      <th>0</th>\n",
       "      <th>1</th>\n",
       "      <th>2</th>\n",
       "      <th>3</th>\n",
       "      <th>4</th>\n",
       "      <th>5</th>\n",
       "      <th>6</th>\n",
       "      <th>7</th>\n",
       "      <th>8</th>\n",
       "      <th>9</th>\n",
       "      <th>10</th>\n",
       "      <th>11</th>\n",
       "      <th>12</th>\n",
       "      <th>13</th>\n",
       "      <th>14</th>\n",
       "      <th>15</th>\n",
       "      <th>16</th>\n",
       "      <th>17</th>\n",
       "      <th>18</th>\n",
       "      <th>19</th>\n",
       "    </tr>\n",
       "  </thead>\n",
       "  <tbody>\n",
       "    <tr>\n",
       "      <th>0</th>\n",
       "      <td>1.000000</td>\n",
       "      <td>0.306038</td>\n",
       "      <td>0.078072</td>\n",
       "      <td>-0.006584</td>\n",
       "      <td>0.172497</td>\n",
       "      <td>-0.178380</td>\n",
       "      <td>0.208471</td>\n",
       "      <td>-0.048302</td>\n",
       "      <td>0.011269</td>\n",
       "      <td>0.031623</td>\n",
       "      <td>0.050412</td>\n",
       "      <td>0.286860</td>\n",
       "      <td>0.452375</td>\n",
       "      <td>0.117112</td>\n",
       "      <td>0.099085</td>\n",
       "      <td>-0.152027</td>\n",
       "      <td>-0.427832</td>\n",
       "      <td>0.110602</td>\n",
       "      <td>0.005406</td>\n",
       "      <td>0.130236</td>\n",
       "    </tr>\n",
       "    <tr>\n",
       "      <th>1</th>\n",
       "      <td>0.306038</td>\n",
       "      <td>1.000000</td>\n",
       "      <td>0.035153</td>\n",
       "      <td>0.112816</td>\n",
       "      <td>0.312059</td>\n",
       "      <td>-0.088840</td>\n",
       "      <td>0.255727</td>\n",
       "      <td>-0.282705</td>\n",
       "      <td>0.112033</td>\n",
       "      <td>0.098613</td>\n",
       "      <td>-0.252062</td>\n",
       "      <td>0.100122</td>\n",
       "      <td>0.100156</td>\n",
       "      <td>0.016741</td>\n",
       "      <td>-0.016864</td>\n",
       "      <td>-0.170010</td>\n",
       "      <td>-0.169492</td>\n",
       "      <td>-0.089424</td>\n",
       "      <td>0.209517</td>\n",
       "      <td>0.142462</td>\n",
       "    </tr>\n",
       "    <tr>\n",
       "      <th>2</th>\n",
       "      <td>0.078072</td>\n",
       "      <td>0.035153</td>\n",
       "      <td>1.000000</td>\n",
       "      <td>0.414943</td>\n",
       "      <td>-0.036370</td>\n",
       "      <td>0.187642</td>\n",
       "      <td>0.513200</td>\n",
       "      <td>-0.062090</td>\n",
       "      <td>0.032075</td>\n",
       "      <td>0.090010</td>\n",
       "      <td>0.445650</td>\n",
       "      <td>0.334719</td>\n",
       "      <td>0.152542</td>\n",
       "      <td>0.293972</td>\n",
       "      <td>-0.052881</td>\n",
       "      <td>0.273594</td>\n",
       "      <td>-0.099313</td>\n",
       "      <td>0.381693</td>\n",
       "      <td>-0.102576</td>\n",
       "      <td>-0.065566</td>\n",
       "    </tr>\n",
       "    <tr>\n",
       "      <th>3</th>\n",
       "      <td>-0.006584</td>\n",
       "      <td>0.112816</td>\n",
       "      <td>0.414943</td>\n",
       "      <td>1.000000</td>\n",
       "      <td>0.452156</td>\n",
       "      <td>0.515388</td>\n",
       "      <td>0.329212</td>\n",
       "      <td>0.024683</td>\n",
       "      <td>0.389490</td>\n",
       "      <td>0.098519</td>\n",
       "      <td>0.079781</td>\n",
       "      <td>0.215543</td>\n",
       "      <td>0.319099</td>\n",
       "      <td>0.550183</td>\n",
       "      <td>0.332283</td>\n",
       "      <td>0.152554</td>\n",
       "      <td>-0.121007</td>\n",
       "      <td>-0.008961</td>\n",
       "      <td>-0.255050</td>\n",
       "      <td>0.115198</td>\n",
       "    </tr>\n",
       "    <tr>\n",
       "      <th>4</th>\n",
       "      <td>0.172497</td>\n",
       "      <td>0.312059</td>\n",
       "      <td>-0.036370</td>\n",
       "      <td>0.452156</td>\n",
       "      <td>1.000000</td>\n",
       "      <td>0.021678</td>\n",
       "      <td>0.251976</td>\n",
       "      <td>-0.121942</td>\n",
       "      <td>0.188982</td>\n",
       "      <td>-0.429315</td>\n",
       "      <td>-0.205939</td>\n",
       "      <td>0.159364</td>\n",
       "      <td>0.246718</td>\n",
       "      <td>0.113408</td>\n",
       "      <td>-0.083085</td>\n",
       "      <td>0.109659</td>\n",
       "      <td>-0.278639</td>\n",
       "      <td>-0.281912</td>\n",
       "      <td>-0.060437</td>\n",
       "      <td>0.435836</td>\n",
       "    </tr>\n",
       "    <tr>\n",
       "      <th>5</th>\n",
       "      <td>-0.178380</td>\n",
       "      <td>-0.088840</td>\n",
       "      <td>0.187642</td>\n",
       "      <td>0.515388</td>\n",
       "      <td>0.021678</td>\n",
       "      <td>1.000000</td>\n",
       "      <td>0.000000</td>\n",
       "      <td>0.462600</td>\n",
       "      <td>0.267652</td>\n",
       "      <td>0.191606</td>\n",
       "      <td>0.140625</td>\n",
       "      <td>-0.090685</td>\n",
       "      <td>0.128359</td>\n",
       "      <td>0.553818</td>\n",
       "      <td>0.275268</td>\n",
       "      <td>0.276225</td>\n",
       "      <td>-0.039463</td>\n",
       "      <td>-0.367507</td>\n",
       "      <td>-0.213988</td>\n",
       "      <td>0.141290</td>\n",
       "    </tr>\n",
       "    <tr>\n",
       "      <th>6</th>\n",
       "      <td>0.208471</td>\n",
       "      <td>0.255727</td>\n",
       "      <td>0.513200</td>\n",
       "      <td>0.329212</td>\n",
       "      <td>0.251976</td>\n",
       "      <td>0.000000</td>\n",
       "      <td>1.000000</td>\n",
       "      <td>0.180518</td>\n",
       "      <td>-0.222222</td>\n",
       "      <td>-0.111359</td>\n",
       "      <td>-0.047795</td>\n",
       "      <td>0.421637</td>\n",
       "      <td>0.466252</td>\n",
       "      <td>0.127294</td>\n",
       "      <td>-0.116018</td>\n",
       "      <td>0.328813</td>\n",
       "      <td>0.172016</td>\n",
       "      <td>0.423790</td>\n",
       "      <td>0.017767</td>\n",
       "      <td>0.340693</td>\n",
       "    </tr>\n",
       "    <tr>\n",
       "      <th>7</th>\n",
       "      <td>-0.048302</td>\n",
       "      <td>-0.282705</td>\n",
       "      <td>-0.062090</td>\n",
       "      <td>0.024683</td>\n",
       "      <td>-0.121942</td>\n",
       "      <td>0.462600</td>\n",
       "      <td>0.180518</td>\n",
       "      <td>1.000000</td>\n",
       "      <td>-0.038408</td>\n",
       "      <td>0.286394</td>\n",
       "      <td>-0.017348</td>\n",
       "      <td>0.099595</td>\n",
       "      <td>0.206299</td>\n",
       "      <td>0.375904</td>\n",
       "      <td>0.164638</td>\n",
       "      <td>0.095610</td>\n",
       "      <td>0.353370</td>\n",
       "      <td>0.030471</td>\n",
       "      <td>-0.060187</td>\n",
       "      <td>0.258487</td>\n",
       "    </tr>\n",
       "    <tr>\n",
       "      <th>8</th>\n",
       "      <td>0.011269</td>\n",
       "      <td>0.112033</td>\n",
       "      <td>0.032075</td>\n",
       "      <td>0.389490</td>\n",
       "      <td>0.188982</td>\n",
       "      <td>0.267652</td>\n",
       "      <td>-0.222222</td>\n",
       "      <td>-0.038408</td>\n",
       "      <td>1.000000</td>\n",
       "      <td>0.267261</td>\n",
       "      <td>0.456442</td>\n",
       "      <td>-0.070273</td>\n",
       "      <td>-0.124334</td>\n",
       "      <td>0.281865</td>\n",
       "      <td>0.616726</td>\n",
       "      <td>-0.309471</td>\n",
       "      <td>-0.589768</td>\n",
       "      <td>-0.214720</td>\n",
       "      <td>-0.284268</td>\n",
       "      <td>-0.366900</td>\n",
       "    </tr>\n",
       "    <tr>\n",
       "      <th>9</th>\n",
       "      <td>0.031623</td>\n",
       "      <td>0.098613</td>\n",
       "      <td>0.090010</td>\n",
       "      <td>0.098519</td>\n",
       "      <td>-0.429315</td>\n",
       "      <td>0.191606</td>\n",
       "      <td>-0.111359</td>\n",
       "      <td>0.286394</td>\n",
       "      <td>0.267261</td>\n",
       "      <td>1.000000</td>\n",
       "      <td>0.417701</td>\n",
       "      <td>0.035215</td>\n",
       "      <td>-0.037383</td>\n",
       "      <td>0.204124</td>\n",
       "      <td>0.188490</td>\n",
       "      <td>-0.383825</td>\n",
       "      <td>-0.055824</td>\n",
       "      <td>-0.054366</td>\n",
       "      <td>0.028490</td>\n",
       "      <td>-0.220631</td>\n",
       "    </tr>\n",
       "    <tr>\n",
       "      <th>10</th>\n",
       "      <td>0.050412</td>\n",
       "      <td>-0.252062</td>\n",
       "      <td>0.445650</td>\n",
       "      <td>0.079781</td>\n",
       "      <td>-0.205939</td>\n",
       "      <td>0.140625</td>\n",
       "      <td>-0.047795</td>\n",
       "      <td>-0.017348</td>\n",
       "      <td>0.456442</td>\n",
       "      <td>0.417701</td>\n",
       "      <td>1.000000</td>\n",
       "      <td>0.300015</td>\n",
       "      <td>-0.194544</td>\n",
       "      <td>0.319540</td>\n",
       "      <td>0.172568</td>\n",
       "      <td>-0.103168</td>\n",
       "      <td>-0.490470</td>\n",
       "      <td>-0.041320</td>\n",
       "      <td>-0.320218</td>\n",
       "      <td>-0.392680</td>\n",
       "    </tr>\n",
       "    <tr>\n",
       "      <th>11</th>\n",
       "      <td>0.286860</td>\n",
       "      <td>0.100122</td>\n",
       "      <td>0.334719</td>\n",
       "      <td>0.215543</td>\n",
       "      <td>0.159364</td>\n",
       "      <td>-0.090685</td>\n",
       "      <td>0.421637</td>\n",
       "      <td>0.099595</td>\n",
       "      <td>-0.070273</td>\n",
       "      <td>0.035215</td>\n",
       "      <td>0.300015</td>\n",
       "      <td>1.000000</td>\n",
       "      <td>0.329287</td>\n",
       "      <td>0.422665</td>\n",
       "      <td>0.208542</td>\n",
       "      <td>0.223251</td>\n",
       "      <td>-0.093250</td>\n",
       "      <td>0.191193</td>\n",
       "      <td>-0.314627</td>\n",
       "      <td>0.232048</td>\n",
       "    </tr>\n",
       "    <tr>\n",
       "      <th>12</th>\n",
       "      <td>0.452375</td>\n",
       "      <td>0.100156</td>\n",
       "      <td>0.152542</td>\n",
       "      <td>0.319099</td>\n",
       "      <td>0.246718</td>\n",
       "      <td>0.128359</td>\n",
       "      <td>0.466252</td>\n",
       "      <td>0.206299</td>\n",
       "      <td>-0.124334</td>\n",
       "      <td>-0.037383</td>\n",
       "      <td>-0.194544</td>\n",
       "      <td>0.329287</td>\n",
       "      <td>1.000000</td>\n",
       "      <td>0.259449</td>\n",
       "      <td>-0.013666</td>\n",
       "      <td>0.021644</td>\n",
       "      <td>-0.018332</td>\n",
       "      <td>0.075876</td>\n",
       "      <td>0.188870</td>\n",
       "      <td>0.559636</td>\n",
       "    </tr>\n",
       "    <tr>\n",
       "      <th>13</th>\n",
       "      <td>0.117112</td>\n",
       "      <td>0.016741</td>\n",
       "      <td>0.293972</td>\n",
       "      <td>0.550183</td>\n",
       "      <td>0.113408</td>\n",
       "      <td>0.553818</td>\n",
       "      <td>0.127294</td>\n",
       "      <td>0.375904</td>\n",
       "      <td>0.281865</td>\n",
       "      <td>0.204124</td>\n",
       "      <td>0.319540</td>\n",
       "      <td>0.422665</td>\n",
       "      <td>0.259449</td>\n",
       "      <td>1.000000</td>\n",
       "      <td>0.344779</td>\n",
       "      <td>-0.020576</td>\n",
       "      <td>-0.004022</td>\n",
       "      <td>-0.069359</td>\n",
       "      <td>-0.226806</td>\n",
       "      <td>0.081494</td>\n",
       "    </tr>\n",
       "    <tr>\n",
       "      <th>14</th>\n",
       "      <td>0.099085</td>\n",
       "      <td>-0.016864</td>\n",
       "      <td>-0.052881</td>\n",
       "      <td>0.332283</td>\n",
       "      <td>-0.083085</td>\n",
       "      <td>0.275268</td>\n",
       "      <td>-0.116018</td>\n",
       "      <td>0.164638</td>\n",
       "      <td>0.616726</td>\n",
       "      <td>0.188490</td>\n",
       "      <td>0.172568</td>\n",
       "      <td>0.208542</td>\n",
       "      <td>-0.013666</td>\n",
       "      <td>0.344779</td>\n",
       "      <td>1.000000</td>\n",
       "      <td>-0.250857</td>\n",
       "      <td>-0.258389</td>\n",
       "      <td>0.146570</td>\n",
       "      <td>-0.501861</td>\n",
       "      <td>-0.251561</td>\n",
       "    </tr>\n",
       "    <tr>\n",
       "      <th>15</th>\n",
       "      <td>-0.152027</td>\n",
       "      <td>-0.170010</td>\n",
       "      <td>0.273594</td>\n",
       "      <td>0.152554</td>\n",
       "      <td>0.109659</td>\n",
       "      <td>0.276225</td>\n",
       "      <td>0.328813</td>\n",
       "      <td>0.095610</td>\n",
       "      <td>-0.309471</td>\n",
       "      <td>-0.383825</td>\n",
       "      <td>-0.103168</td>\n",
       "      <td>0.223251</td>\n",
       "      <td>0.021644</td>\n",
       "      <td>-0.020576</td>\n",
       "      <td>-0.250857</td>\n",
       "      <td>1.000000</td>\n",
       "      <td>0.136887</td>\n",
       "      <td>-0.050165</td>\n",
       "      <td>-0.151547</td>\n",
       "      <td>0.264600</td>\n",
       "    </tr>\n",
       "    <tr>\n",
       "      <th>16</th>\n",
       "      <td>-0.427832</td>\n",
       "      <td>-0.169492</td>\n",
       "      <td>-0.099313</td>\n",
       "      <td>-0.121007</td>\n",
       "      <td>-0.278639</td>\n",
       "      <td>-0.039463</td>\n",
       "      <td>0.172016</td>\n",
       "      <td>0.353370</td>\n",
       "      <td>-0.589768</td>\n",
       "      <td>-0.055824</td>\n",
       "      <td>-0.490470</td>\n",
       "      <td>-0.093250</td>\n",
       "      <td>-0.018332</td>\n",
       "      <td>-0.004022</td>\n",
       "      <td>-0.258389</td>\n",
       "      <td>0.136887</td>\n",
       "      <td>1.000000</td>\n",
       "      <td>0.237441</td>\n",
       "      <td>0.343162</td>\n",
       "      <td>0.345187</td>\n",
       "    </tr>\n",
       "    <tr>\n",
       "      <th>17</th>\n",
       "      <td>0.110602</td>\n",
       "      <td>-0.089424</td>\n",
       "      <td>0.381693</td>\n",
       "      <td>-0.008961</td>\n",
       "      <td>-0.281912</td>\n",
       "      <td>-0.367507</td>\n",
       "      <td>0.423790</td>\n",
       "      <td>0.030471</td>\n",
       "      <td>-0.214720</td>\n",
       "      <td>-0.054366</td>\n",
       "      <td>-0.041320</td>\n",
       "      <td>0.191193</td>\n",
       "      <td>0.075876</td>\n",
       "      <td>-0.069359</td>\n",
       "      <td>0.146570</td>\n",
       "      <td>-0.050165</td>\n",
       "      <td>0.237441</td>\n",
       "      <td>1.000000</td>\n",
       "      <td>-0.121072</td>\n",
       "      <td>-0.207022</td>\n",
       "    </tr>\n",
       "    <tr>\n",
       "      <th>18</th>\n",
       "      <td>0.005406</td>\n",
       "      <td>0.209517</td>\n",
       "      <td>-0.102576</td>\n",
       "      <td>-0.255050</td>\n",
       "      <td>-0.060437</td>\n",
       "      <td>-0.213988</td>\n",
       "      <td>0.017767</td>\n",
       "      <td>-0.060187</td>\n",
       "      <td>-0.284268</td>\n",
       "      <td>0.028490</td>\n",
       "      <td>-0.320218</td>\n",
       "      <td>-0.314627</td>\n",
       "      <td>0.188870</td>\n",
       "      <td>-0.226806</td>\n",
       "      <td>-0.501861</td>\n",
       "      <td>-0.151547</td>\n",
       "      <td>0.343162</td>\n",
       "      <td>-0.121072</td>\n",
       "      <td>1.000000</td>\n",
       "      <td>0.488895</td>\n",
       "    </tr>\n",
       "    <tr>\n",
       "      <th>19</th>\n",
       "      <td>0.130236</td>\n",
       "      <td>0.142462</td>\n",
       "      <td>-0.065566</td>\n",
       "      <td>0.115198</td>\n",
       "      <td>0.435836</td>\n",
       "      <td>0.141290</td>\n",
       "      <td>0.340693</td>\n",
       "      <td>0.258487</td>\n",
       "      <td>-0.366900</td>\n",
       "      <td>-0.220631</td>\n",
       "      <td>-0.392680</td>\n",
       "      <td>0.232048</td>\n",
       "      <td>0.559636</td>\n",
       "      <td>0.081494</td>\n",
       "      <td>-0.251561</td>\n",
       "      <td>0.264600</td>\n",
       "      <td>0.345187</td>\n",
       "      <td>-0.207022</td>\n",
       "      <td>0.488895</td>\n",
       "      <td>1.000000</td>\n",
       "    </tr>\n",
       "  </tbody>\n",
       "</table>\n",
       "</div>"
      ],
      "text/plain": [
       "          0         1         2         3         4         5         6   \\\n",
       "0   1.000000  0.306038  0.078072 -0.006584  0.172497 -0.178380  0.208471   \n",
       "1   0.306038  1.000000  0.035153  0.112816  0.312059 -0.088840  0.255727   \n",
       "2   0.078072  0.035153  1.000000  0.414943 -0.036370  0.187642  0.513200   \n",
       "3  -0.006584  0.112816  0.414943  1.000000  0.452156  0.515388  0.329212   \n",
       "4   0.172497  0.312059 -0.036370  0.452156  1.000000  0.021678  0.251976   \n",
       "5  -0.178380 -0.088840  0.187642  0.515388  0.021678  1.000000  0.000000   \n",
       "6   0.208471  0.255727  0.513200  0.329212  0.251976  0.000000  1.000000   \n",
       "7  -0.048302 -0.282705 -0.062090  0.024683 -0.121942  0.462600  0.180518   \n",
       "8   0.011269  0.112033  0.032075  0.389490  0.188982  0.267652 -0.222222   \n",
       "9   0.031623  0.098613  0.090010  0.098519 -0.429315  0.191606 -0.111359   \n",
       "10  0.050412 -0.252062  0.445650  0.079781 -0.205939  0.140625 -0.047795   \n",
       "11  0.286860  0.100122  0.334719  0.215543  0.159364 -0.090685  0.421637   \n",
       "12  0.452375  0.100156  0.152542  0.319099  0.246718  0.128359  0.466252   \n",
       "13  0.117112  0.016741  0.293972  0.550183  0.113408  0.553818  0.127294   \n",
       "14  0.099085 -0.016864 -0.052881  0.332283 -0.083085  0.275268 -0.116018   \n",
       "15 -0.152027 -0.170010  0.273594  0.152554  0.109659  0.276225  0.328813   \n",
       "16 -0.427832 -0.169492 -0.099313 -0.121007 -0.278639 -0.039463  0.172016   \n",
       "17  0.110602 -0.089424  0.381693 -0.008961 -0.281912 -0.367507  0.423790   \n",
       "18  0.005406  0.209517 -0.102576 -0.255050 -0.060437 -0.213988  0.017767   \n",
       "19  0.130236  0.142462 -0.065566  0.115198  0.435836  0.141290  0.340693   \n",
       "\n",
       "          7         8         9         10        11        12        13  \\\n",
       "0  -0.048302  0.011269  0.031623  0.050412  0.286860  0.452375  0.117112   \n",
       "1  -0.282705  0.112033  0.098613 -0.252062  0.100122  0.100156  0.016741   \n",
       "2  -0.062090  0.032075  0.090010  0.445650  0.334719  0.152542  0.293972   \n",
       "3   0.024683  0.389490  0.098519  0.079781  0.215543  0.319099  0.550183   \n",
       "4  -0.121942  0.188982 -0.429315 -0.205939  0.159364  0.246718  0.113408   \n",
       "5   0.462600  0.267652  0.191606  0.140625 -0.090685  0.128359  0.553818   \n",
       "6   0.180518 -0.222222 -0.111359 -0.047795  0.421637  0.466252  0.127294   \n",
       "7   1.000000 -0.038408  0.286394 -0.017348  0.099595  0.206299  0.375904   \n",
       "8  -0.038408  1.000000  0.267261  0.456442 -0.070273 -0.124334  0.281865   \n",
       "9   0.286394  0.267261  1.000000  0.417701  0.035215 -0.037383  0.204124   \n",
       "10 -0.017348  0.456442  0.417701  1.000000  0.300015 -0.194544  0.319540   \n",
       "11  0.099595 -0.070273  0.035215  0.300015  1.000000  0.329287  0.422665   \n",
       "12  0.206299 -0.124334 -0.037383 -0.194544  0.329287  1.000000  0.259449   \n",
       "13  0.375904  0.281865  0.204124  0.319540  0.422665  0.259449  1.000000   \n",
       "14  0.164638  0.616726  0.188490  0.172568  0.208542 -0.013666  0.344779   \n",
       "15  0.095610 -0.309471 -0.383825 -0.103168  0.223251  0.021644 -0.020576   \n",
       "16  0.353370 -0.589768 -0.055824 -0.490470 -0.093250 -0.018332 -0.004022   \n",
       "17  0.030471 -0.214720 -0.054366 -0.041320  0.191193  0.075876 -0.069359   \n",
       "18 -0.060187 -0.284268  0.028490 -0.320218 -0.314627  0.188870 -0.226806   \n",
       "19  0.258487 -0.366900 -0.220631 -0.392680  0.232048  0.559636  0.081494   \n",
       "\n",
       "          14        15        16        17        18        19  \n",
       "0   0.099085 -0.152027 -0.427832  0.110602  0.005406  0.130236  \n",
       "1  -0.016864 -0.170010 -0.169492 -0.089424  0.209517  0.142462  \n",
       "2  -0.052881  0.273594 -0.099313  0.381693 -0.102576 -0.065566  \n",
       "3   0.332283  0.152554 -0.121007 -0.008961 -0.255050  0.115198  \n",
       "4  -0.083085  0.109659 -0.278639 -0.281912 -0.060437  0.435836  \n",
       "5   0.275268  0.276225 -0.039463 -0.367507 -0.213988  0.141290  \n",
       "6  -0.116018  0.328813  0.172016  0.423790  0.017767  0.340693  \n",
       "7   0.164638  0.095610  0.353370  0.030471 -0.060187  0.258487  \n",
       "8   0.616726 -0.309471 -0.589768 -0.214720 -0.284268 -0.366900  \n",
       "9   0.188490 -0.383825 -0.055824 -0.054366  0.028490 -0.220631  \n",
       "10  0.172568 -0.103168 -0.490470 -0.041320 -0.320218 -0.392680  \n",
       "11  0.208542  0.223251 -0.093250  0.191193 -0.314627  0.232048  \n",
       "12 -0.013666  0.021644 -0.018332  0.075876  0.188870  0.559636  \n",
       "13  0.344779 -0.020576 -0.004022 -0.069359 -0.226806  0.081494  \n",
       "14  1.000000 -0.250857 -0.258389  0.146570 -0.501861 -0.251561  \n",
       "15 -0.250857  1.000000  0.136887 -0.050165 -0.151547  0.264600  \n",
       "16 -0.258389  0.136887  1.000000  0.237441  0.343162  0.345187  \n",
       "17  0.146570 -0.050165  0.237441  1.000000 -0.121072 -0.207022  \n",
       "18 -0.501861 -0.151547  0.343162 -0.121072  1.000000  0.488895  \n",
       "19 -0.251561  0.264600  0.345187 -0.207022  0.488895  1.000000  "
      ]
     },
     "execution_count": 16,
     "metadata": {},
     "output_type": "execute_result"
    }
   ],
   "source": [
    "pd.DataFrame(num)"
   ]
  },
  {
   "cell_type": "markdown",
   "metadata": {},
   "source": [
    "### Referrences: "
   ]
  },
  {
   "cell_type": "markdown",
   "metadata": {},
   "source": [
    "F. Maxwell Harper and Joseph A. Konstan. 2015. The MovieLens Datasets: History and Context. ACM Transactions on Interactive Intelligent Systems (TiiS) 5, 4, Article 19 (December 2015), 19 pages. http://dx.doi.org/10.1145/2827872 http://grouplens.org/datasets/movielens/"
   ]
  },
  {
   "cell_type": "code",
   "execution_count": null,
   "metadata": {
    "collapsed": true
   },
   "outputs": [],
   "source": []
  }
 ],
 "metadata": {
  "kernelspec": {
   "display_name": "Python 2",
   "language": "python",
   "name": "python2"
  },
  "language_info": {
   "codemirror_mode": {
    "name": "ipython",
    "version": 2
   },
   "file_extension": ".py",
   "mimetype": "text/x-python",
   "name": "python",
   "nbconvert_exporter": "python",
   "pygments_lexer": "ipython2",
   "version": "2.7.11"
  }
 },
 "nbformat": 4,
 "nbformat_minor": 0
}
